00000000
00000000
10110001
00110111
10101010
00000001
00000001
00010011
10101010
10101010
00000010
00110111
00000000
00000000
00000001
10110111
00000001
00000001
11100001
10010011
00000000
01000001
10000001
10010011
00000000
00010001
00000001
00010011
00000000
00000001
10100000
00100011
00000000
00100001
10010001
00100011
00000000
00000001
10100000
10000011
11111110
01000000
10010110
11100011
00000000
00000000
00000010
01101111
00000000
00000000
00000000
00000000
00000000
00000000
00000000
00000000
00000000
00000000
00000000
00000000
00000000
00000000
00000000
00000000
